0.395249 -0.124903 0.317481 0.416767 -0.15846 -0.0664064
0.395311 -0.124991 0.28926 0.444988 -0.158268 -0.0670525
0.395524 -0.10208 0.287892 0.446038 -0.134779 -0.0668125
0.395357 -0.0954916 0.315297 0.418273 -0.128205 -0.0662208
0.395503 -0.0706975 0.317086 0.416498 -0.102939 -0.0660071
0.395292 -0.0650957 0.288201 0.446269 -0.0972534 -0.0671047
0.39548 -0.039636 0.287571 0.448062 -0.0716705 -0.0671385
0.395313 -0.0351026 0.316515 0.418565 -0.0671841 -0.0664945
0.395432 -0.00870531 0.317338 0.418592 -0.0406779 -0.0665726
0.395259 -0.00501331 0.287977 0.448872 -0.0369069 -0.0676875
