0.456278 -0.00976992 0.383322 0.423086 0.084081 0.0982978
0.456412 -0.00978336 0.357671 0.441628 0.0845004 0.080211
0.456464 0.0152504 0.35404 0.461546 0.0862014 0.0954996
0.456477 0.0194774 0.37878 0.446953 0.0859742 0.116007
0.456502 0.045173 0.382523 0.462384 0.0875454 0.137105
0.456455 0.0494439 0.35797 0.483261 0.0884688 0.122832
0.456458 0.0750403 0.354106 0.503973 0.0902199 0.138384
0.456444 0.0794455 0.378686 0.489313 0.0899749 0.158905
0.456499 0.10486 0.382461 0.504374 0.0914922 0.179748
0.456454 0.109393 0.358167 0.524948 0.0923719 0.165752
