0.440279 0.0166137 0.383081 0.360915 -0.0135324 -0.0389603
0.440426 0.016575 0.35688 0.387614 -0.0134967 -0.0390302
0.440446 0.0421651 0.353675 0.390554 0.0123067 -0.0393419
0.440444 0.0460025 0.37905 0.364639 0.0160809 -0.039187
0.440474 0.0721877 0.382487 0.360547 0.0425184 -0.03942
0.440437 0.0760128 0.357094 0.386505 0.0464705 -0.0397368
0.440462 0.10214 0.353676 0.388787 0.0727647 -0.0400493
0.440455 0.105997 0.378936 0.362521 0.0765304 -0.0399168
0.440478 0.131936 0.382409 0.357774 0.102695 -0.0402621
0.440474 0.135919 0.357329 0.383354 0.106842 -0.0404564
