0.396182 0.0642446 0.332401 0.405623 -0.110552 -0.0463938
0.396227 0.0642407 0.303355 0.435201 -0.110546 -0.0474972
0.396346 0.0913273 0.302463 0.434696 -0.111694 -0.0748984
0.396279 0.0940692 0.330937 0.406618 -0.1121 -0.0766322
0.39636 0.120786 0.332225 0.404266 -0.113013 -0.103608
0.396284 0.124017 0.304555 0.434417 -0.11371 -0.108359
0.396406 0.150014 0.302695 0.437314 -0.114925 -0.135481
0.39632 0.15393 0.329854 0.407765 -0.114925 -0.137898
0.39645 0.179076 0.331978 0.406351 -0.116085 -0.164023
0.396363 0.183612 0.306232 0.432456 -0.116375 -0.169692
