0.475531 -0.0576286 0.40684 0.334393 -0.0905027 0.00794095
0.475707 -0.0577072 0.381281 0.360518 -0.0905423 0.00790531
0.475742 -0.0327969 0.377616 0.366258 -0.0657808 0.00829081
0.475717 -0.0285154 0.40229 0.341137 -0.0614794 0.00848573
0.47572 -0.00269035 0.406114 0.338373 -0.0355812 0.00887822
0.47572 0.00150849 0.381351 0.363752 -0.0312506 0.00876831
0.475726 0.0273549 0.377625 0.367671 -0.00522267 0.00911683
0.475709 0.0315519 0.402271 0.342496 -0.000970968 0.00932239
0.475751 0.0573233 0.406082 0.338452 0.0251607 0.00973314
0.475713 0.0615392 0.381514 0.3635 0.0294697 0.00958889
