3.04606 -2.42894 1.33099 -1.32933 -1.4699 -0.000683133 
2.99136 -1.57708 1.70872 -1.66791 -1.64738 -0.0862306 
2.99075 -1.46605 1.98345 -2.04896 -1.71344 -0.0324286 
5.08105 -2.13703 1.38989 -1.72279 -1.25824 -0.308181 
5.38047 -0.640195 1.35581 -3.58982 -1.38579 -0.0910342 
3.6271 -1.44307 2.38336 -2.43077 -3.10447 1.6867 
3.50489 -1.36522 2.33005 -2.39476 -3.08877 1.69176 
5.55683 -1.48405 1.62855 -1.96572 -3.10665 1.36612 
5.89263 -0.634097 1.18255 -1.94509 -3.066 1.7643 
6.00596 -0.654513 1.22911 -2.0018 -3.09043 1.64078 
6.02727 -0.879506 1.29337 -1.84956 -3.04909 1.79498 
